(kicad_pcb (version 20171130) (host pcbnew "(5.0.0)")

  (general
    (thickness 1.6)
    (drawings 10)
    (tracks 678)
    (zones 0)
    (modules 135)
    (nets 166)
  )

  (page A4)
  (layers
    (0 F.Cu signal)
    (1 power.Cu signal)
    (2 ground.Cu signal)
    (31 B.Cu signal)
    (32 B.Adhes user)
    (33 F.Adhes user)
    (34 B.Paste user)
    (35 F.Paste user)
    (36 B.SilkS user)
    (37 F.SilkS user)
    (38 B.Mask user)
    (39 F.Mask user)
    (40 Dwgs.User user)
    (41 Cmts.User user)
    (42 Eco1.User user)
    (43 Eco2.User user)
    (44 Edge.Cuts user)
    (45 Margin user)
    (46 B.CrtYd user)
    (47 F.CrtYd user)
    (48 B.Fab user)
    (49 F.Fab user)
  )

  (setup
    (last_trace_width 0.25)
    (trace_clearance 0.2)
    (zone_clearance 0.762)
    (zone_45_only no)
    (trace_min 0.2)
    (segment_width 0.2)
    (edge_width 0.1)
    (via_size 0.8)
    (via_drill 0.4)
    (via_min_size 0.4)
    (via_min_drill 0.3)
    (uvia_size 0.3)
    (uvia_drill 0.1)
    (uvias_allowed no)
    (uvia_min_size 0.2)
    (uvia_min_drill 0.1)
    (pcb_text_width 0.3)
    (pcb_text_size 1.5 1.5)
    (mod_edge_width 0.15)
    (mod_text_size 1 1)
    (mod_text_width 0.15)
    (pad_size 1.5 1.5)
    (pad_drill 0.6)
    (pad_to_mask_clearance 0)
    (aux_axis_origin 0 0)
    (visible_elements 7FFFF7FF)
    (pcbplotparams
      (layerselection 0x010fc_ffffffff)
      (usegerberextensions false)
      (usegerberattributes false)
      (usegerberadvancedattributes false)
      (creategerberjobfile false)
      (excludeedgelayer true)
      (linewidth 0.100000)
      (plotframeref false)
      (viasonmask false)
      (mode 1)
      (useauxorigin false)
      (hpglpennumber 1)
      (hpglpenspeed 20)
      (hpglpendiameter 15.000000)
      (psnegative false)
      (psa4output false)
      (plotreference true)
      (plotvalue true)
      (plotinvisibletext false)
      (padsonsilk false)
      (subtractmaskfromsilk false)
      (outputformat 1)
      (mirror false)
      (drillshape 1)
      (scaleselection 1)
      (outputdirectory ""))
  )

  (net 0 "")
  (net 1 "Net-(BC1-Pad10)")
  (net 2 "Net-(BC1-Pad11)")
  (net 3 "Net-(BC1-Pad12)")
  (net 4 "Net-(BC1-Pad16)")
  (net 5 "Net-(BC1-Pad15)")
  (net 6 "Net-(BC1-Pad14)")
  (net 7 "Net-(BC1-Pad13)")
  (net 8 GNDPWR)
  (net 9 "Net-(BC1-Pad6)")
  (net 10 "Net-(BC1-Pad7)")
  (net 11 "Net-(BC1-Pad8)")
  (net 12 Earth)
  (net 13 "Net-(BC1-Pad3)")
  (net 14 "Net-(BC2-Pad3)")
  (net 15 "Net-(BC2-Pad8)")
  (net 16 "Net-(BC2-Pad7)")
  (net 17 "Net-(BC2-Pad6)")
  (net 18 "Net-(BC2-Pad13)")
  (net 19 "Net-(BC2-Pad14)")
  (net 20 "Net-(BC2-Pad15)")
  (net 21 "Net-(BC2-Pad16)")
  (net 22 "Net-(BC2-Pad12)")
  (net 23 "Net-(BC2-Pad11)")
  (net 24 "Net-(BC2-Pad10)")
  (net 25 "Net-(BC3-Pad4)")
  (net 26 +12P)
  (net 27 "Net-(BC3-Pad6)")
  (net 28 "Net-(BC4-Pad1)")
  (net 29 "Net-(BC4-Pad11)")
  (net 30 +5V)
  (net 31 GNDS)
  (net 32 "Net-(BC4-Pad22)")
  (net 33 +3V3)
  (net 34 GND)
  (net 35 +48V)
  (net 36 /VIN+)
  (net 37 "Net-(D1-Pad2)")
  (net 38 "Net-(D4-Pad1)")
  (net 39 "Net-(D5-Pad1)")
  (net 40 +5VP)
  (net 41 "Net-(D7-Pad1)")
  (net 42 5VPI)
  (net 43 "Net-(D6-Pad1)")
  (net 44 /PWM1)
  (net 45 "Net-(ESC1-Pad5)")
  (net 46 "Net-(ESC1-Pad6)")
  (net 47 "Net-(ESC1-Pad7)")
  (net 48 "Net-(ESC2-Pad7)")
  (net 49 "Net-(ESC2-Pad6)")
  (net 50 "Net-(ESC2-Pad5)")
  (net 51 "Net-(ESC3-Pad5)")
  (net 52 "Net-(ESC3-Pad6)")
  (net 53 "Net-(ESC3-Pad7)")
  (net 54 "Net-(ESC4-Pad7)")
  (net 55 "Net-(ESC4-Pad6)")
  (net 56 "Net-(ESC4-Pad5)")
  (net 57 "Net-(ESC5-Pad5)")
  (net 58 "Net-(ESC5-Pad6)")
  (net 59 "Net-(ESC5-Pad7)")
  (net 60 "Net-(ESC6-Pad7)")
  (net 61 "Net-(ESC6-Pad6)")
  (net 62 "Net-(ESC6-Pad5)")
  (net 63 /PWM2)
  (net 64 /PWM3)
  (net 65 /PWM4)
  (net 66 /PWM5)
  (net 67 /PWM6)
  (net 68 "Net-(ESC4-Pad1)")
  (net 69 "Net-(ESC5-Pad1)")
  (net 70 "Net-(ESC6-Pad1)")
  (net 71 "Net-(ESC1-Pad1)")
  (net 72 "Net-(ESC2-Pad1)")
  (net 73 "Net-(ESC3-Pad1)")
  (net 74 "Net-(R16-Pad1)")
  (net 75 /CS4)
  (net 76 "Net-(R15-Pad1)")
  (net 77 /CS1)
  (net 78 /CS6)
  (net 79 "Net-(R18-Pad1)")
  (net 80 "Net-(U6-Pad12)")
  (net 81 "Net-(U6-Pad13)")
  (net 82 "Net-(R17-Pad1)")
  (net 83 /CS5)
  (net 84 /CS3)
  (net 85 "Net-(R13-Pad1)")
  (net 86 /CS2)
  (net 87 "Net-(C10-Pad1)")
  (net 88 "Net-(C7-Pad1)")
  (net 89 "Net-(C8-Pad1)")
  (net 90 "Net-(C9-Pad1)")
  (net 91 "Net-(C11-Pad1)")
  (net 92 "Net-(C12-Pad1)")
  (net 93 "Net-(R25-Pad2)")
  (net 94 "Net-(R36-Pad2)")
  (net 95 "Net-(R24-Pad2)")
  (net 96 "Net-(R28-Pad2)")
  (net 97 "Net-(R27-Pad2)")
  (net 98 "Net-(R26-Pad2)")
  (net 99 "Net-(R30-Pad2)")
  (net 100 "Net-(R23-Pad2)")
  (net 101 "Net-(R22-Pad2)")
  (net 102 "Net-(R21-Pad2)")
  (net 103 "Net-(R20-Pad2)")
  (net 104 "Net-(R19-Pad2)")
  (net 105 "Net-(R32-Pad2)")
  (net 106 "Net-(R42-Pad2)")
  (net 107 "Net-(R31-Pad2)")
  (net 108 "Net-(R33-Pad2)")
  (net 109 "Net-(R34-Pad2)")
  (net 110 "Net-(R35-Pad2)")
  (net 111 "Net-(R29-Pad2)")
  (net 112 "Net-(R38-Pad2)")
  (net 113 "Net-(R39-Pad2)")
  (net 114 "Net-(R40-Pad2)")
  (net 115 "Net-(R41-Pad2)")
  (net 116 "Net-(R37-Pad2)")
  (net 117 /temp1n)
  (net 118 /temp1p)
  (net 119 /temp2p)
  (net 120 /temp2n)
  (net 121 "Net-(R13-Pad2)")
  (net 122 "Net-(R14-Pad2)")
  (net 123 "Net-(U6-Pad7)")
  (net 124 "Net-(U6-Pad11)")
  (net 125 "Net-(U6-Pad10)")
  (net 126 "Net-(U6-Pad8)")
  (net 127 /SDA_iso)
  (net 128 /SCL_iso)
  (net 129 "Net-(U6-Pad15)")
  (net 130 "Net-(U6-Pad16)")
  (net 131 "Net-(U6-Pad18)")
  (net 132 "Net-(U6-Pad19)")
  (net 133 "Net-(U6-Pad21)")
  (net 134 "Net-(U6-Pad22)")
  (net 135 "Net-(U6-Pad23)")
  (net 136 "Net-(U6-Pad24)")
  (net 137 "Net-(U6-Pad26)")
  (net 138 "Net-(U6-Pad27)")
  (net 139 "Net-(U6-Pad28)")
  (net 140 "Net-(U6-Pad29)")
  (net 141 "Net-(U6-Pad31)")
  (net 142 "Net-(U6-Pad32)")
  (net 143 "Net-(U6-Pad33)")
  (net 144 "Net-(U6-Pad35)")
  (net 145 "Net-(U6-Pad36)")
  (net 146 "Net-(U6-Pad37)")
  (net 147 "Net-(U6-Pad38)")
  (net 148 "Net-(U6-Pad40)")
  (net 149 "Net-(R45-Pad2)")
  (net 150 "Net-(U4-Pad13)")
  (net 151 "Net-(U4-Pad12)")
  (net 152 "Net-(U1-Pad13)")
  (net 153 "Net-(U1-Pad12)")
  (net 154 "Net-(U5-Pad13)")
  (net 155 "Net-(U5-Pad12)")
  (net 156 "Net-(R14-Pad1)")
  (net 157 "Net-(U3-Pad12)")
  (net 158 "Net-(U3-Pad13)")
  (net 159 "Net-(U2-Pad13)")
  (net 160 "Net-(U2-Pad12)")
  (net 161 "Net-(J2-Pad2)")
  (net 162 "Net-(J5-Pad3)")
  (net 163 "Net-(J5-Pad4)")
  (net 164 "Net-(J5-Pad5)")
  (net 165 /PWM0)

  (net_class Default "This is the default net class."
    (clearance 0.2)
    (trace_width 0.25)
    (via_dia 0.8)
    (via_drill 0.4)
    (uvia_dia 0.3)
    (uvia_drill 0.1)
    (add_net +12P)
    (add_net +3V3)
    (add_net +48V)
    (add_net +5V)
    (add_net +5VP)
    (add_net /CS1)
    (add_net /CS2)
    (add_net /CS3)
    (add_net /CS4)
    (add_net /CS5)
    (add_net /CS6)
    (add_net /PWM0)
    (add_net /PWM1)
    (add_net /PWM2)
    (add_net /PWM3)
    (add_net /PWM4)
    (add_net /PWM5)
    (add_net /PWM6)
    (add_net /SCL_iso)
    (add_net /SDA_iso)
    (add_net /VIN+)
    (add_net /temp1n)
    (add_net /temp1p)
    (add_net /temp2n)
    (add_net /temp2p)
    (add_net 5VPI)
    (add_net Earth)
    (add_net GND)
    (add_net GNDPWR)
    (add_net GNDS)
    (add_net "Net-(BC1-Pad10)")
    (add_net "Net-(BC1-Pad11)")
    (add_net "Net-(BC1-Pad12)")
    (add_net "Net-(BC1-Pad13)")
    (add_net "Net-(BC1-Pad14)")
    (add_net "Net-(BC1-Pad15)")
    (add_net "Net-(BC1-Pad16)")
    (add_net "Net-(BC1-Pad3)")
    (add_net "Net-(BC1-Pad6)")
    (add_net "Net-(BC1-Pad7)")
    (add_net "Net-(BC1-Pad8)")
    (add_net "Net-(BC2-Pad10)")
    (add_net "Net-(BC2-Pad11)")
    (add_net "Net-(BC2-Pad12)")
    (add_net "Net-(BC2-Pad13)")
    (add_net "Net-(BC2-Pad14)")
    (add_net "Net-(BC2-Pad15)")
    (add_net "Net-(BC2-Pad16)")
    (add_net "Net-(BC2-Pad3)")
    (add_net "Net-(BC2-Pad6)")
    (add_net "Net-(BC2-Pad7)")
    (add_net "Net-(BC2-Pad8)")
    (add_net "Net-(BC3-Pad4)")
    (add_net "Net-(BC3-Pad6)")
    (add_net "Net-(BC4-Pad1)")
    (add_net "Net-(BC4-Pad11)")
    (add_net "Net-(BC4-Pad22)")
    (add_net "Net-(C10-Pad1)")
    (add_net "Net-(C11-Pad1)")
    (add_net "Net-(C12-Pad1)")
    (add_net "Net-(C7-Pad1)")
    (add_net "Net-(C8-Pad1)")
    (add_net "Net-(C9-Pad1)")
    (add_net "Net-(D1-Pad2)")
    (add_net "Net-(D4-Pad1)")
    (add_net "Net-(D5-Pad1)")
    (add_net "Net-(D6-Pad1)")
    (add_net "Net-(D7-Pad1)")
    (add_net "Net-(ESC1-Pad1)")
    (add_net "Net-(ESC1-Pad5)")
    (add_net "Net-(ESC1-Pad6)")
    (add_net "Net-(ESC1-Pad7)")
    (add_net "Net-(ESC2-Pad1)")
    (add_net "Net-(ESC2-Pad5)")
    (add_net "Net-(ESC2-Pad6)")
    (add_net "Net-(ESC2-Pad7)")
    (add_net "Net-(ESC3-Pad1)")
    (add_net "Net-(ESC3-Pad5)")
    (add_net "Net-(ESC3-Pad6)")
    (add_net "Net-(ESC3-Pad7)")
    (add_net "Net-(ESC4-Pad1)")
    (add_net "Net-(ESC4-Pad5)")
    (add_net "Net-(ESC4-Pad6)")
    (add_net "Net-(ESC4-Pad7)")
    (add_net "Net-(ESC5-Pad1)")
    (add_net "Net-(ESC5-Pad5)")
    (add_net "Net-(ESC5-Pad6)")
    (add_net "Net-(ESC5-Pad7)")
    (add_net "Net-(ESC6-Pad1)")
    (add_net "Net-(ESC6-Pad5)")
    (add_net "Net-(ESC6-Pad6)")
    (add_net "Net-(ESC6-Pad7)")
    (add_net "Net-(J2-Pad2)")
    (add_net "Net-(J5-Pad3)")
    (add_net "Net-(J5-Pad4)")
    (add_net "Net-(J5-Pad5)")
    (add_net "Net-(R13-Pad1)")
    (add_net "Net-(R13-Pad2)")
    (add_net "Net-(R14-Pad1)")
    (add_net "Net-(R14-Pad2)")
    (add_net "Net-(R15-Pad1)")
    (add_net "Net-(R16-Pad1)")
    (add_net "Net-(R17-Pad1)")
    (add_net "Net-(R18-Pad1)")
    (add_net "Net-(R19-Pad2)")
    (add_net "Net-(R20-Pad2)")
    (add_net "Net-(R21-Pad2)")
    (add_net "Net-(R22-Pad2)")
    (add_net "Net-(R23-Pad2)")
    (add_net "Net-(R24-Pad2)")
    (add_net "Net-(R25-Pad2)")
    (add_net "Net-(R26-Pad2)")
    (add_net "Net-(R27-Pad2)")
    (add_net "Net-(R28-Pad2)")
    (add_net "Net-(R29-Pad2)")
    (add_net "Net-(R30-Pad2)")
    (add_net "Net-(R31-Pad2)")
    (add_net "Net-(R32-Pad2)")
    (add_net "Net-(R33-Pad2)")
    (add_net "Net-(R34-Pad2)")
    (add_net "Net-(R35-Pad2)")
    (add_net "Net-(R36-Pad2)")
    (add_net "Net-(R37-Pad2)")
    (add_net "Net-(R38-Pad2)")
    (add_net "Net-(R39-Pad2)")
    (add_net "Net-(R40-Pad2)")
    (add_net "Net-(R41-Pad2)")
    (add_net "Net-(R42-Pad2)")
    (add_net "Net-(R45-Pad2)")
    (add_net "Net-(U1-Pad12)")
    (add_net "Net-(U1-Pad13)")
    (add_net "Net-(U2-Pad12)")
    (add_net "Net-(U2-Pad13)")
    (add_net "Net-(U3-Pad12)")
    (add_net "Net-(U3-Pad13)")
    (add_net "Net-(U4-Pad12)")
    (add_net "Net-(U4-Pad13)")
    (add_net "Net-(U5-Pad12)")
    (add_net "Net-(U5-Pad13)")
    (add_net "Net-(U6-Pad10)")
    (add_net "Net-(U6-Pad11)")
    (add_net "Net-(U6-Pad12)")
    (add_net "Net-(U6-Pad13)")
    (add_net "Net-(U6-Pad15)")
    (add_net "Net-(U6-Pad16)")
    (add_net "Net-(U6-Pad18)")
    (add_net "Net-(U6-Pad19)")
    (add_net "Net-(U6-Pad21)")
    (add_net "Net-(U6-Pad22)")
    (add_net "Net-(U6-Pad23)")
    (add_net "Net-(U6-Pad24)")
    (add_net "Net-(U6-Pad26)")
    (add_net "Net-(U6-Pad27)")
    (add_net "Net-(U6-Pad28)")
    (add_net "Net-(U6-Pad29)")
    (add_net "Net-(U6-Pad31)")
    (add_net "Net-(U6-Pad32)")
    (add_net "Net-(U6-Pad33)")
    (add_net "Net-(U6-Pad35)")
    (add_net "Net-(U6-Pad36)")
    (add_net "Net-(U6-Pad37)")
    (add_net "Net-(U6-Pad38)")
    (add_net "Net-(U6-Pad40)")
    (add_net "Net-(U6-Pad7)")
    (add_net "Net-(U6-Pad8)")
  )

  (module Resistor_SMD:R_0805_2012Metric_Pad1.15x1.40mm_HandSolder (layer F.Cu) (tedit 5B36C52B) (tstamp 5C180440)
    (at 191.2 40.4 270)
    (descr "Resistor SMD 0805 (2012 Metric), square (rectangular) end terminal, IPC_7351 nominal with elongated pad for handsoldering. (Body size source: https://docs.google.com/spreadsheets/d/1BsfQQcO9C6DZCsRaXUlFlo91Tg2WpOkGARC1WS5S8t0/edit?usp=sharing), generated with kicad-footprint-generator")
    (tags "resistor handsolder")
    (path /5BC3D0E6)
    (attr smd)
    (fp_text reference 1.6k1 (at 0 -1.65 270) (layer F.SilkS)
      (effects (font (size 1 1) (thickness 0.15)))
    )
    (fp_text value R_Small (at 0 1.65 270) (layer F.Fab)
      (effects (font (size 1 1) (thickness 0.15)))
    )
    (fp_line (start -1 0.6) (end -1 -0.6) (layer F.Fab) (width 0.1))
    (fp_line (start -1 -0.6) (end 1 -0.6) (layer F.Fab) (width 0.1))
    (fp_line (start 1 -0.6) (end 1 0.6) (layer F.Fab) (width 0.1))
    (fp_line (start 1 0.6) (end -1 0.6) (layer F.Fab) (width 0.1))
    (fp_line (start -0.261252 -0.71) (end 0.261252 -0.71) (layer F.SilkS) (width 0.12))
    (fp_line (start -0.261252 0.71) (end 0.261252 0.71) (layer F.SilkS) (width 0.12))
    (fp_line (start -1.85 0.95) (end -1.85 -0.95) (layer F.CrtYd) (width 0.05))
    (fp_line (start -1.85 -0.95) (end 1.85 -0.95) (layer F.CrtYd) (width 0.05))
    (fp_line (start 1.85 -0.95) (end 1.85 0.95) (layer F.CrtYd) (width 0.05))
    (fp_line (start 1.85 0.95) (end -1.85 0.95) (layer F.CrtYd) (width 0.05))
    (fp_text user %R (at 0 0 270) (layer F.Fab)
      (effects (font (size 0.5 0.5) (thickness 0.08)))
    )
    (pad 1 smd roundrect (at -1.025 0 270) (size 1.15 1.4) (layers F.Cu F.Paste F.Mask) (roundrect_rratio 0.217391)
      (net 40 +5VP))
    (pad 2 smd roundrect (at 1.025 0 270) (size 1.15 1.4) (layers F.Cu F.Paste F.Mask) (roundrect_rratio 0.217391)
      (net 127 /SDA_iso))
    (model ${KISYS3DMOD}/Resistor_SMD.3dshapes/R_0805_2012Metric.wrl
      (at (xyz 0 0 0))
      (scale (xyz 1 1 1))
      (rotate (xyz 0 0 0))
    )
  )

  (module Resistor_SMD:R_0805_2012Metric_Pad1.15x1.40mm_HandSolder (layer F.Cu) (tedit 5B36C52B) (tstamp 5C180451)
    (at 191.2 44.8 90)
    (descr "Resistor SMD 0805 (2012 Metric), square (rectangular) end terminal, IPC_7351 nominal with elongated pad for handsoldering. (Body size source: https://docs.google.com/spreadsheets/d/1BsfQQcO9C6DZCsRaXUlFlo91Tg2WpOkGARC1WS5S8t0/edit?usp=sharing), generated with kicad-footprint-generator")
    (tags "resistor handsolder")
    (path /5BC3D142)
    (attr smd)
    (fp_text reference 1.6k2 (at 0 -1.65 90) (layer F.SilkS)
      (effects (font (size 1 1) (thickness 0.15)))
    )
    (fp_text value R_Small (at 0 1.65 90) (layer F.Fab)
      (effects (font (size 1 1) (thickness 0.15)))
    )
    (fp_text user %R (at 0 0 90) (layer F.Fab)
      (effects (font (size 0.5 0.5) (thickness 0.08)))
    )
    (fp_line (start 1.85 0.95) (end -1.85 0.95) (layer F.CrtYd) (width 0.05))
    (fp_line (start 1.85 -0.95) (end 1.85 0.95) (layer F.CrtYd) (width 0.05))
    (fp_line (start -1.85 -0.95) (end 1.85 -0.95) (layer F.CrtYd) (width 0.05))
    (fp_line (start -1.85 0.95) (end -1.85 -0.95) (layer F.CrtYd) (width 0.05))
    (fp_line (start -0.261252 0.71) (end 0.261252 0.71) (layer F.SilkS) (width 0.12))
    (fp_line (start -0.261252 -0.71) (end 0.261252 -0.71) (layer F.SilkS) (width 0.12))
    (fp_line (start 1 0.6) (end -1 0.6) (layer F.Fab) (width 0.1))
    (fp_line (start 1 -0.6) (end 1 0.6) (layer F.Fab) (width 0.1))
    (fp_line (start -1 -0.6) (end 1 -0.6) (layer F.Fab) (width 0.1))
    (fp_line (start -1 0.6) (end -1 -0.6) (layer F.Fab) (width 0.1))
    (pad 2 smd roundrect (at 1.025 0 90) (size 1.15 1.4) (layers F.Cu F.Paste F.Mask) (roundrect_rratio 0.217391)
      (net 128 /SCL_iso))
    (pad 1 smd roundrect (at -1.025 0 90) (size 1.15 1.4) (layers F.Cu F.Paste F.Mask) (roundrect_rratio 0.217391)
      (net 40 +5VP))
    (model ${KISYS3DMOD}/Resistor_SMD.3dshapes/R_0805_2012Metric.wrl
      (at (xyz 0 0 0))
      (scale (xyz 1 1 1))
      (rotate (xyz 0 0 0))
    )
  )

  (module Capacitor_SMD:C_0805_2012Metric_Pad1.15x1.40mm_HandSolder (layer F.Cu) (tedit 5B36C52B) (tstamp 5C180462)
    (at 196.8 51.2 270)
    (descr "Capacitor SMD 0805 (2012 Metric), square (rectangular) end terminal, IPC_7351 nominal with elongated pad for handsoldering. (Body size source: https://docs.google.com/spreadsheets/d/1BsfQQcO9C6DZCsRaXUlFlo91Tg2WpOkGARC1WS5S8t0/edit?usp=sharing), generated with kicad-footprint-generator")
    (tags "capacitor handsolder")
    (path /5BC10FC8)
    (attr smd)
    (fp_text reference C24 (at 0 -1.65 270) (layer F.SilkS)
      (effects (font (size 1 1) (thickness 0.15)))
    )
    (fp_text value 0.01u (at 0 1.65 270) (layer F.Fab)
      (effects (font (size 1 1) (thickness 0.15)))
    )
    (fp_line (start -1 0.6) (end -1 -0.6) (layer F.Fab) (width 0.1))
    (fp_line (start -1 -0.6) (end 1 -0.6) (layer F.Fab) (width 0.1))
    (fp_line (start 1 -0.6) (end 1 0.6) (layer F.Fab) (width 0.1))
    (fp_line (start 1 0.6) (end -1 0.6) (layer F.Fab) (width 0.1))
    (fp_line (start -0.261252 -0.71) (end 0.261252 -0.71) (layer F.SilkS) (width 0.12))
    (fp_line (start -0.261252 0.71) (end 0.261252 0.71) (layer F.SilkS) (width 0.12))
    (fp_line (start -1.85 0.95) (end -1.85 -0.95) (layer F.CrtYd) (width 0.05))
    (fp_line (start -1.85 -0.95) (end 1.85 -0.95) (layer F.CrtYd) (width 0.05))
    (fp_line (start 1.85 -0.95) (end 1.85 0.95) (layer F.CrtYd) (width 0.05))
    (fp_line (start 1.85 0.95) (end -1.85 0.95) (layer F.CrtYd) (width 0.05))
    (fp_text user %R (at 0 0 270) (layer F.Fab)
      (effects (font (size 0.5 0.5) (thickness 0.08)))
    )
    (pad 1 smd roundrect (at -1.025 0 270) (size 1.15 1.4) (layers F.Cu F.Paste F.Mask) (roundrect_rratio 0.217391)
      (net 40 +5VP))
    (pad 2 smd roundrect (at 1.025 0 270) (size 1.15 1.4) (layers F.Cu F.Paste F.Mask) (roundrect_rratio 0.217391)
      (net 8 GNDPWR))
    (model ${KISYS3DMOD}/Capacitor_SMD.3dshapes/C_0805_2012Metric.wrl
      (at (xyz 0 0 0))
      (scale (xyz 1 1 1))
      (rotate (xyz 0 0 0))
    )
  )

  (module Capacitor_SMD:C_0805_2012Metric_Pad1.15x1.40mm_HandSolder (layer F.Cu) (tedit 5B36C52B) (tstamp 5C180473)
    (at 193.674999 51.175001 270)
    (descr "Capacitor SMD 0805 (2012 Metric), square (rectangular) end terminal, IPC_7351 nominal with elongated pad for handsoldering. (Body size source: https://docs.google.com/spreadsheets/d/1BsfQQcO9C6DZCsRaXUlFlo91Tg2WpOkGARC1WS5S8t0/edit?usp=sharing), generated with kicad-footprint-generator")
    (tags "capacitor handsolder")
    (path /5BC10FCF)
    (attr smd)
    (fp_text reference C25 (at 0 -1.65 270) (layer F.SilkS)
      (effects (font (size 1 1) (thickness 0.15)))
    )
    (fp_text value 0.1u (at 0 1.65 270) (layer F.Fab)
      (effects (font (size 1 1) (thickness 0.15)))
    )
    (fp_text user %R (at 0 0 270) (layer F.Fab)
      (effects (font (size 0.5 0.5) (thickness 0.08)))
    )
    (fp_line (start 1.85 0.95) (end -1.85 0.95) (layer F.CrtYd) (width 0.05))
    (fp_line (start 1.85 -0.95) (end 1.85 0.95) (layer F.CrtYd) (width 0.05))
    (fp_line (start -1.85 -0.95) (end 1.85 -0.95) (layer F.CrtYd) (width 0.05))
    (fp_line (start -1.85 0.95) (end -1.85 -0.95) (layer F.CrtYd) (width 0.05))
    (fp_line (start -0.261252 0.71) (end 0.261252 0.71) (layer F.SilkS) (width 0.12))
    (fp_line (start -0.261252 -0.71) (end 0.261252 -0.71) (layer F.SilkS) (width 0.12))
    (fp_line (start 1 0.6) (end -1 0.6) (layer F.Fab) (width 0.1))
    (fp_line (start 1 -0.6) (end 1 0.6) (layer F.Fab) (width 0.1))
    (fp_line (start -1 -0.6) (end 1 -0.6) (layer F.Fab) (width 0.1))
    (fp_line (start -1 0.6) (end -1 -0.6) (layer F.Fab) (width 0.1))
    (pad 2 smd roundrect (at 1.025 0 270) (size 1.15 1.4) (layers F.Cu F.Paste F.Mask) (roundrect_rratio 0.217391)
      (net 8 GNDPWR))
    (pad 1 smd roundrect (at -1.025 0 270) (size 1.15 1.4) (layers F.Cu F.Paste F.Mask) (roundrect_rratio 0.217391)
      (net 40 +5VP))
    (model ${KISYS3DMOD}/Capacitor_SMD.3dshapes/C_0805_2012Metric.wrl
      (at (xyz 0 0 0))
      (scale (xyz 1 1 1))
      (rotate (xyz 0 0 0))
    )
  )

  (module Capacitor_SMD:C_0805_2012Metric_Pad1.15x1.40mm_HandSolder (layer F.Cu) (tedit 5B36C52B) (tstamp 5C180484)
    (at 201.2 51.2 270)
    (descr "Capacitor SMD 0805 (2012 Metric), square (rectangular) end terminal, IPC_7351 nominal with elongated pad for handsoldering. (Body size source: https://docs.google.com/spreadsheets/d/1BsfQQcO9C6DZCsRaXUlFlo91Tg2WpOkGARC1WS5S8t0/edit?usp=sharing), generated with kicad-footprint-generator")
    (tags "capacitor handsolder")
    (path /5BC0F07A)
    (attr smd)
    (fp_text reference C26 (at 0 -1.65 270) (layer F.SilkS)
      (effects (font (size 1 1) (thickness 0.15)))
    )
    (fp_text value 0.01u (at 0 1.65 270) (layer F.Fab)
      (effects (font (size 1 1) (thickness 0.15)))
    )
    (fp_line (start -1 0.6) (end -1 -0.6) (layer F.Fab) (width 0.1))
    (fp_line (start -1 -0.6) (end 1 -0.6) (layer F.Fab) (width 0.1))
    (fp_line (start 1 -0.6) (end 1 0.6) (layer F.Fab) (width 0.1))
    (fp_line (start 1 0.6) (end -1 0.6) (layer F.Fab) (width 0.1))
    (fp_line (start -0.261252 -0.71) (end 0.261252 -0.71) (layer F.SilkS) (width 0.12))
    (fp_line (start -0.261252 0.71) (end 0.261252 0.71) (layer F.SilkS) (width 0.12))
    (fp_line (start -1.85 0.95) (end -1.85 -0.95) (layer F.CrtYd) (width 0.05))
    (fp_line (start -1.85 -0.95) (end 1.85 -0.95) (layer F.CrtYd) (width 0.05))
    (fp_line (start 1.85 -0.95) (end 1.85 0.95) (layer F.CrtYd) (width 0.05))
    (fp_line (start 1.85 0.95) (end -1.85 0.95) (layer F.CrtYd) (width 0.05))
    (fp_text user %R (at 0 0 270) (layer F.Fab)
      (effects (font (size 0.5 0.5) (thickness 0.08)))
    )
    (pad 1 smd roundrect (at -1.025 0 270) (size 1.15 1.4) (layers F.Cu F.Paste F.Mask) (roundrect_rratio 0.217391)
      (net 42 5VPI))
    (pad 2 smd roundrect (at 1.025 0 270) (size 1.15 1.4) (layers F.Cu F.Paste F.Mask) (roundrect_rratio 0.217391)
      (net 31 GNDS))
    (model ${KISYS3DMOD}/Capacitor_SMD.3dshapes/C_0805_2012Metric.wrl
      (at (xyz 0 0 0))
      (scale (xyz 1 1 1))
      (rotate (xyz 0 0 0))
    )
  )

  (module Capacitor_SMD:C_0805_2012Metric_Pad1.15x1.40mm_HandSolder (layer F.Cu) (tedit 5B36C52B) (tstamp 5C180495)
    (at 204.2 51.2 270)
    (descr "Capacitor SMD 0805 (2012 Metric), square (rectangular) end terminal, IPC_7351 nominal with elongated pad for handsoldering. (Body size source: https://docs.google.com/spreadsheets/d/1BsfQQcO9C6DZCsRaXUlFlo91Tg2WpOkGARC1WS5S8t0/edit?usp=sharing), generated with kicad-footprint-generator")
    (tags "capacitor handsolder")
    (path /5BC0F0D6)
    (attr smd)
    (fp_text reference C27 (at 0 -1.65 270) (layer F.SilkS)
      (effects (font (size 1 1) (thickness 0.15)))
    )
    (fp_text value 0.1u (at 0 1.65 270) (layer F.Fab)
      (effects (font (size 1 1) (thickness 0.15)))
    )
    (fp_text user %R (at 0 0 270) (layer F.Fab)
      (effects (font (size 0.5 0.5) (thickness 0.08)))
    )
    (fp_line (start 1.85 0.95) (end -1.85 0.95) (layer F.CrtYd) (width 0.05))
    (fp_line (start 1.85 -0.95) (end 1.85 0.95) (layer F.CrtYd) (width 0.05))
    (fp_line (start -1.85 -0.95) (end 1.85 -0.95) (layer F.CrtYd) (width 0.05))
    (fp_line (start -1.85 0.95) (end -1.85 -0.95) (layer F.CrtYd) (width 0.05))
    (fp_line (start -0.261252 0.71) (end 0.261252 0.71) (layer F.SilkS) (width 0.12))
    (fp_line (start -0.261252 -0.71) (end 0.261252 -0.71) (layer F.SilkS) (width 0.12))
    (fp_line (start 1 0.6) (end -1 0.6) (layer F.Fab) (width 0.1))
    (fp_line (start 1 -0.6) (end 1 0.6) (layer F.Fab) (width 0.1))
    (fp_line (start -1 -0.6) (end 1 -0.6) (layer F.Fab) (width 0.1))
    (fp_line (start -1 0.6) (end -1 -0.6) (layer F.Fab) (width 0.1))
    (pad 2 smd roundrect (at 1.025 0 270) (size 1.15 1.4) (layers F.Cu F.Paste F.Mask) (roundrect_rratio 0.217391)
      (net 31 GNDS))
    (pad 1 smd roundrect (at -1.025 0 270) (size 1.15 1.4) (layers F.Cu F.Paste F.Mask) (roundrect_rratio 0.217391)
      (net 42 5VPI))
    (model ${KISYS3DMOD}/Capacitor_SMD.3dshapes/C_0805_2012Metric.wrl
      (at (xyz 0 0 0))
      (scale (xyz 1 1 1))
      (rotate (xyz 0 0 0))
    )
  )

  (module Resistor_SMD:R_0805_2012Metric_Pad1.15x1.40mm_HandSolder (layer F.Cu) (tedit 5B36C52B) (tstamp 5C1804A6)
    (at 206.4 40.4 270)
    (descr "Resistor SMD 0805 (2012 Metric), square (rectangular) end terminal, IPC_7351 nominal with elongated pad for handsoldering. (Body size source: https://docs.google.com/spreadsheets/d/1BsfQQcO9C6DZCsRaXUlFlo91Tg2WpOkGARC1WS5S8t0/edit?usp=sharing), generated with kicad-footprint-generator")
    (tags "resistor handsolder")
    (path /5BC14777)
    (attr smd)
    (fp_text reference R13 (at 0 -1.65 270) (layer F.SilkS)
      (effects (font (size 1 1) (thickness 0.15)))
    )
    (fp_text value 1.6k (at 0 1.65 270) (layer F.Fab)
      (effects (font (size 1 1) (thickness 0.15)))
    )
    (fp_line (start -1 0.6) (end -1 -0.6) (layer F.Fab) (width 0.1))
    (fp_line (start -1 -0.6) (end 1 -0.6) (layer F.Fab) (width 0.1))
    (fp_line (start 1 -0.6) (end 1 0.6) (layer F.Fab) (width 0.1))
    (fp_line (start 1 0.6) (end -1 0.6) (layer F.Fab) (width 0.1))
    (fp_line (start -0.261252 -0.71) (end 0.261252 -0.71) (layer F.SilkS) (width 0.12))
    (fp_line (start -0.261252 0.71) (end 0.261252 0.71) (layer F.SilkS) (width 0.12))
    (fp_line (start -1.85 0.95) (end -1.85 -0.95) (layer F.CrtYd) (width 0.05))
    (fp_line (start -1.85 -0.95) (end 1.85 -0.95) (layer F.CrtYd) (width 0.05))
    (fp_line (start 1.85 -0.95) (end 1.85 0.95) (layer F.CrtYd) (width 0.05))
    (fp_line (start 1.85 0.95) (end -1.85 0.95) (layer F.CrtYd) (width 0.05))
    (fp_text user %R (at 0 0 270) (layer F.Fab)
      (effects (font (size 0.5 0.5) (thickness 0.08)))
    )
    (pad 1 smd roundrect (at -1.025 0 270) (size 1.15 1.4) (layers F.Cu F.Paste F.Mask) (roundrect_rratio 0.217391)
      (net 42 5VPI))
    (pad 2 smd roundrect (at 1.025 0 270) (size 1.15 1.4) (layers F.Cu F.Paste F.Mask) (roundrect_rratio 0.217391)
      (net 121 "Net-(R13-Pad2)"))
    (model ${KISYS3DMOD}/Resistor_SMD.3dshapes/R_0805_2012Metric.wrl
      (at (xyz 0 0 0))
      (scale (xyz 1 1 1))
      (rotate (xyz 0 0 0))
    )
  )

  (module Resistor_SMD:R_0805_2012Metric_Pad1.15x1.40mm_HandSolder (layer F.Cu) (tedit 5B36C52B) (tstamp 5C1804B7)
    (at 206.4 45 90)
    (descr "Resistor SMD 0805 (2012 Metric), square (rectangular) end terminal, IPC_7351 nominal with elongated pad for handsoldering. (Body size source: https://docs.google.com/spreadsheets/d/1BsfQQcO9C6DZCsRaXUlFlo91Tg2WpOkGARC1WS5S8t0/edit?usp=sharing), generated with kicad-footprint-generator")
    (tags "resistor handsolder")
    (path /5BC147B7)
    (attr smd)
    (fp_text reference R14 (at 0 -1.65 90) (layer F.SilkS)
      (effects (font (size 1 1) (thickness 0.15)))
    )
    (fp_text value 1.6k (at 0 1.65 90) (layer F.Fab)
      (effects (font (size 1 1) (thickness 0.15)))
    )
    (fp_text user %R (at 0 0 90) (layer F.Fab)
      (effects (font (size 0.5 0.5) (thickness 0.08)))
    )
    (fp_line (start 1.85 0.95) (end -1.85 0.95) (layer F.CrtYd) (width 0.05))
    (fp_line (start 1.85 -0.95) (end 1.85 0.95) (layer F.CrtYd) (width 0.05))
    (fp_line (start -1.85 -0.95) (end 1.85 -0.95) (layer F.CrtYd) (width 0.05))
    (fp_line (start -1.85 0.95) (end -1.85 -0.95) (layer F.CrtYd) (width 0.05))
    (fp_line (start -0.261252 0.71) (end 0.261252 0.71) (layer F.SilkS) (width 0.12))
    (fp_line (start -0.261252 -0.71) (end 0.261252 -0.71) (layer F.SilkS) (width 0.12))
    (fp_line (start 1 0.6) (end -1 0.6) (layer F.Fab) (width 0.1))
    (fp_line (start 1 -0.6) (end 1 0.6) (layer F.Fab) (width 0.1))
    (fp_line (start -1 -0.6) (end 1 -0.6) (layer F.Fab) (width 0.1))
    (fp_line (start -1 0.6) (end -1 -0.6) (layer F.Fab) (width 0.1))
    (pad 2 smd roundrect (at 1.025 0 90) (size 1.15 1.4) (layers F.Cu F.Paste F.Mask) (roundrect_rratio 0.217391)
      (net 122 "Net-(R14-Pad2)"))
    (pad 1 smd roundrect (at -1.025 0 90) (size 1.15 1.4) (layers F.Cu F.Paste F.Mask) (roundrect_rratio 0.217391)
      (net 42 5VPI))
    (model ${KISYS3DMOD}/Resistor_SMD.3dshapes/R_0805_2012Metric.wrl
      (at (xyz 0 0 0))
      (scale (xyz 1 1 1))
      (rotate (xyz 0 0 0))
    )
  )

  (module Package_SO:SO-8_5.3x6.2mm_P1.27mm (layer F.Cu) (tedit 5A02F2D3) (tstamp 5C1804D4)
    (at 199 42.6)
    (descr "8-Lead Plastic Small Outline, 5.3x6.2mm Body (http://www.ti.com.cn/cn/lit/ds/symlink/tl7705a.pdf)")
    (tags "SOIC 1.27")
    (path /5BC0DA0C)
    (attr smd)
    (fp_text reference U5 (at 0 -4.13) (layer F.SilkS)
      (effects (font (size 1 1) (thickness 0.15)))
    )
    (fp_text value ADuM1250 (at 0 4.13) (layer F.Fab)
      (effects (font (size 1 1) (thickness 0.15)))
    )
    (fp_text user %R (at 0 0) (layer F.Fab)
      (effects (font (size 1 1) (thickness 0.15)))
    )
    (fp_line (start -1.65 -3.1) (end 2.65 -3.1) (layer F.Fab) (width 0.15))
    (fp_line (start 2.65 -3.1) (end 2.65 3.1) (layer F.Fab) (width 0.15))
    (fp_line (start 2.65 3.1) (end -2.65 3.1) (layer F.Fab) (width 0.15))
    (fp_line (start -2.65 3.1) (end -2.65 -2.1) (layer F.Fab) (width 0.15))
    (fp_line (start -2.65 -2.1) (end -1.65 -3.1) (layer F.Fab) (width 0.15))
    (fp_line (start -4.83 -3.35) (end -4.83 3.35) (layer F.CrtYd) (width 0.05))
    (fp_line (start 4.83 -3.35) (end 4.83 3.35) (layer F.CrtYd) (width 0.05))
    (fp_line (start -4.83 -3.35) (end 4.83 -3.35) (layer F.CrtYd) (width 0.05))
    (fp_line (start -4.83 3.35) (end 4.83 3.35) (layer F.CrtYd) (width 0.05))
    (fp_line (start -2.75 -3.205) (end -2.75 -2.55) (layer F.SilkS) (width 0.15))
    (fp_line (start 2.75 -3.205) (end 2.75 -2.455) (layer F.SilkS) (width 0.15))
    (fp_line (start 2.75 3.205) (end 2.75 2.455) (layer F.SilkS) (width 0.15))
    (fp_line (start -2.75 3.205) (end -2.75 2.455) (layer F.SilkS) (width 0.15))
    (fp_line (start -2.75 -3.205) (end 2.75 -3.205) (layer F.SilkS) (width 0.15))
    (fp_line (start -2.75 3.205) (end 2.75 3.205) (layer F.SilkS) (width 0.15))
    (fp_line (start -2.75 -2.55) (end -4.5 -2.55) (layer F.SilkS) (width 0.15))
    (pad 1 smd rect (at -3.7 -1.905) (size 1.75 0.55) (layers F.Cu F.Paste F.Mask)
      (net 40 +5VP))
    (pad 2 smd rect (at -3.7 -0.635) (size 1.75 0.55) (layers F.Cu F.Paste F.Mask)
      (net 127 /SDA_iso))
    (pad 3 smd rect (at -3.7 0.635) (size 1.75 0.55) (layers F.Cu F.Paste F.Mask)
      (net 128 /SCL_iso))
    (pad 4 smd rect (at -3.7 1.905) (size 1.75 0.55) (layers F.Cu F.Paste F.Mask)
      (net 8 GNDPWR))
    (pad 5 smd rect (at 3.7 1.905) (size 1.75 0.55) (layers F.Cu F.Paste F.Mask)
      (net 31 GNDS))
    (pad 6 smd rect (at 3.7 0.635) (size 1.75 0.55) (layers F.Cu F.Paste F.Mask)
      (net 122 "Net-(R14-Pad2)"))
    (pad 7 smd rect (at 3.7 -0.635) (size 1.75 0.55) (layers F.Cu F.Paste F.Mask)
      (net 121 "Net-(R13-Pad2)"))
    (pad 8 smd rect (at 3.7 -1.905) (size 1.75 0.55) (layers F.Cu F.Paste F.Mask)
      (net 42 5VPI))
    (model ${KISYS3DMOD}/Package_SO.3dshapes/SO-8_5.3x6.2mm_P1.27mm.wrl
      (at (xyz 0 0 0))
      (scale (xyz 1 1 1))
      (rotate (xyz 0 0 0))
    )
  )

  (module rov:PI_ZERO (layer F.Cu) (tedit 5C180609) (tstamp 5C1C85F3)
    (at -35.25 102.5)
    (descr "Through hole straight socket strip, 2x20, 2.54mm pitch, double cols (from Kicad 4.0.7), script generated")
    (tags "Through hole socket strip THT 2x20 2.54mm double row")
    (path /5BBFB23A)
    (fp_text reference U6 (at -2.54 -1.5) (layer F.SilkS)
      (effects (font (size 1 1) (thickness 0.15)))
    )
    (fp_text value PI_ZERO (at -2.54 52.3) (layer F.Fab)
      (effects (font (size 1 1) (thickness 0.15)))
    )
    (fp_line (start -5.08 0) (end -1 0) (layer F.Fab) (width 0.1))
    (fp_line (start -1 0) (end 0 1) (layer F.Fab) (width 0.1))
    (fp_line (start 0 1) (end 0 50.8) (layer F.Fab) (width 0.1))
    (fp_line (start 0 50.8) (end -5.08 50.8) (layer F.Fab) (width 0.1))
    (fp_line (start -5.08 50.8) (end -5.08 0) (layer F.Fab) (width 0.1))
    (fp_line (start -5.14 -0.06) (end -2.54 -0.06) (layer F.SilkS) (width 0.12))
    (fp_line (start -5.14 -0.06) (end -5.14 50.86) (layer F.SilkS) (width 0.12))
    (fp_line (start -5.14 50.86) (end 0.06 50.86) (layer F.SilkS) (width 0.12))
    (fp_line (start 0.06 2.54) (end 0.06 50.86) (layer F.SilkS) (width 0.12))
    (fp_line (start -2.54 2.54) (end 0.06 2.54) (layer F.SilkS) (width 0.12))
    (fp_line (start -2.54 -0.06) (end -2.54 2.54) (layer F.SilkS) (width 0.12))
    (fp_line (start 0.06 -0.06) (end 0.06 1.27) (layer F.SilkS) (width 0.12))
    (fp_line (start -1.27 -0.06) (end 0.06 -0.06) (layer F.SilkS) (width 0.12))
    (fp_line (start -5.61 -0.53) (end 0.49 -0.53) (layer F.CrtYd) (width 0.05))
    (fp_line (start 0.49 -0.53) (end 0.49 51.27) (layer F.CrtYd) (width 0.05))
    (fp_line (start 0.49 51.27) (end -5.61 51.27) (layer F.CrtYd) (width 0.05))
    (fp_line (start -5.61 51.27) (end -5.61 -0.53) (layer F.CrtYd) (width 0.05))
    (fp_text user %R (at -2.54 25.4 -270) (layer F.Fab)
      (effects (font (size 1 1) (thickness 0.15)))
    )
    (fp_line (start 0.5 58) (end -29.5 58) (layer F.SilkS) (width 0.15))
    (fp_line (start -29.5 58) (end -29.5 -7) (layer F.SilkS) (width 0.15))
    (fp_line (start 0.5 -7) (end 0.5 58) (layer F.SilkS) (width 0.15))
    (fp_line (start 0.5 -7) (end -29.5 -7) (layer F.SilkS) (width 0.15))
    (pad 1 thru_hole rect (at -1.27 1.27) (size 1.7 1.7) (drill 1) (layers *.Cu *.Mask)
      (net 33 +3V3))
    (pad 2 thru_hole oval (at -3.81 1.27) (size 1.7 1.7) (drill 1) (layers *.Cu *.Mask)
      (net 42 5VPI))
    (pad 3 thru_hole oval (at -1.27 3.81) (size 1.7 1.7) (drill 1) (layers *.Cu *.Mask)
      (net 121 "Net-(R13-Pad2)"))
    (pad 4 thru_hole oval (at -3.81 3.81) (size 1.7 1.7) (drill 1) (layers *.Cu *.Mask)
      (net 42 5VPI))
    (pad 5 thru_hole oval (at -1.27 6.35) (size 1.7 1.7) (drill 1) (layers *.Cu *.Mask)
      (net 122 "Net-(R14-Pad2)"))
    (pad 6 thru_hole oval (at -3.81 6.35) (size 1.7 1.7) (drill 1) (layers *.Cu *.Mask)
      (net 31 GNDS))
    (pad 7 thru_hole oval (at -1.27 8.89) (size 1.7 1.7) (drill 1) (layers *.Cu *.Mask)
      (net 123 "Net-(U6-Pad7)"))
    (pad 8 thru_hole oval (at -3.81 8.89) (size 1.7 1.7) (drill 1) (layers *.Cu *.Mask)
      (net 126 "Net-(U6-Pad8)"))
    (pad 9 thru_hole oval (at -1.27 11.43) (size 1.7 1.7) (drill 1) (layers *.Cu *.Mask)
      (net 31 GNDS))
    (pad 10 thru_hole oval (at -3.81 11.43) (size 1.7 1.7) (drill 1) (layers *.Cu *.Mask)
      (net 125 "Net-(U6-Pad10)"))
    (pad 11 thru_hole oval (at -1.27 13.97) (size 1.7 1.7) (drill 1) (layers *.Cu *.Mask)
      (net 124 "Net-(U6-Pad11)"))
    (pad 12 thru_hole oval (at -3.81 13.97) (size 1.7 1.7) (drill 1) (layers *.Cu *.Mask)
      (net 80 "Net-(U6-Pad12)"))
    (pad 13 thru_hole oval (at -1.27 16.51) (size 1.7 1.7) (drill 1) (layers *.Cu *.Mask)
      (net 81 "Net-(U6-Pad13)"))
    (pad 14 thru_hole oval (at -3.81 16.51) (size 1.7 1.7) (drill 1) (layers *.Cu *.Mask)
      (net 31 GNDS))
    (pad 15 thru_hole oval (at -1.27 19.05) (size 1.7 1.7) (drill 1) (layers *.Cu *.Mask)
      (net 129 "Net-(U6-Pad15)"))
    (pad 16 thru_hole oval (at -3.81 19.05) (size 1.7 1.7) (drill 1) (layers *.Cu *.Mask)
      (net 130 "Net-(U6-Pad16)"))
    (pad 17 thru_hole oval (at -1.27 21.59) (size 1.7 1.7) (drill 1) (layers *.Cu *.Mask)
      (net 33 +3V3))
    (pad 18 thru_hole oval (at -3.81 21.59) (size 1.7 1.7) (drill 1) (layers *.Cu *.Mask)
      (net 131 "Net-(U6-Pad18)"))
    (pad 19 thru_hole oval (at -1.27 24.13) (size 1.7 1.7) (drill 1) (layers *.Cu *.Mask)
      (net 132 "Net-(U6-Pad19)"))
    (pad 20 thru_hole oval (at -3.81 24.13) (size 1.7 1.7) (drill 1) (layers *.Cu *.Mask)
      (net 31 GNDS))
    (pad 21 thru_hole oval (at -1.27 26.67) (size 1.7 1.7) (drill 1) (layers *.Cu *.Mask)
      (net 133 "Net-(U6-Pad21)"))
    (pad 22 thru_hole oval (at -3.81 26.67) (size 1.7 1.7) (drill 1) (layers *.Cu *.Mask)
      (net 134 "Net-(U6-Pad22)"))
    (pad 23 thru_hole oval (at -1.27 29.21) (size 1.7 1.7) (drill 1) (layers *.Cu *.Mask)
      (net 135 "Net-(U6-Pad23)"))
    (pad 24 thru_hole oval (at -3.81 29.21) (size 1.7 1.7) (drill 1) (layers *.Cu *.Mask)
      (net 136 "Net-(U6-Pad24)"))
    (pad 25 thru_hole oval (at -1.27 31.75) (size 1.7 1.7) (drill 1) (layers *.Cu *.Mask)
      (net 31 GNDS))
    (pad 26 thru_hole oval (at -3.81 31.75) (size 1.7 1.7) (drill 1) (layers *.Cu *.Mask)
      (net 137 "Net-(U6-Pad26)"))
    (pad 27 thru_hole oval (at -1.27 34.29) (size 1.7 1.7) (drill 1) (layers *.Cu *.Mask)
      (net 138 "Net-(U6-Pad27)"))
    (pad 28 thru_hole oval (at -3.81 34.29) (size 1.7 1.7) (drill 1) (layers *.Cu *.Mask)
      (net 139 "Net-(U6-Pad28)"))
    (pad 29 thru_hole oval (at -1.27 36.83) (size 1.7 1.7) (drill 1) (layers *.Cu *.Mask)
      (net 140 "Net-(U6-Pad29)"))
    (pad 30 thru_hole oval (at -3.81 36.83) (size 1.7 1.7) (drill 1) (layers *.Cu *.Mask)
      (net 31 GNDS))
    (pad 31 thru_hole oval (at -1.27 39.37) (size 1.7 1.7) (drill 1) (layers *.Cu *.Mask)
      (net 141 "Net-(U6-Pad31)"))
    (pad 32 thru_hole oval (at -3.81 39.37) (size 1.7 1.7) (drill 1) (layers *.Cu *.Mask)
      (net 142 "Net-(U6-Pad32)"))
    (pad 33 thru_hole oval (at -1.27 41.91) (size 1.7 1.7) (drill 1) (layers *.Cu *.Mask)
      (net 143 "Net-(U6-Pad33)"))
    (pad 34 thru_hole oval (at -3.81 41.91) (size 1.7 1.7) (drill 1) (layers *.Cu *.Mask)
      (net 31 GNDS))
    (pad 35 thru_hole oval (at -1.27 44.45) (size 1.7 1.7) (drill 1) (layers *.Cu *.Mask)
      (net 144 "Net-(U6-Pad35)"))
    (pad 36 thru_hole oval (at -3.81 44.45) (size 1.7 1.7) (drill 1) (layers *.Cu *.Mask)
      (net 145 "Net-(U6-Pad36)"))
    (pad 37 thru_hole oval (at -1.27 46.99) (size 1.7 1.7) (drill 1) (layers *.Cu *.Mask)
      (net 146 "Net-(U6-Pad37)"))
    (pad 38 thru_hole oval (at -3.81 46.99) (size 1.7 1.7) (drill 1) (layers *.Cu *.Mask)
      (net 147 "Net-(U6-Pad38)"))
    (pad 39 thru_hole oval (at -1.27 49.53) (size 1.7 1.7) (drill 1) (layers *.Cu *.Mask)
      (net 31 GNDS))
    (pad 40 thru_hole oval (at -3.81 49.53) (size 1.7 1.7) (drill 1) (layers *.Cu *.Mask)
      (net 148 "Net-(U6-Pad40)"))
    (model ${KISYS3DMOD}/Connector_PinSocket_2.54mm.3dshapes/PinSocket_2x20_P2.54mm_Vertical.wrl
      (at (xyz 0 0 0))
      (scale (xyz 1 1 1))
      (rotate (xyz 0 0 0))
    )
  )

  (module rov:3269W-1-204GLF (layer F.Cu) (tedit 5B6D1F4A) (tstamp 5C20923A)
    (at -116.4 117.8 90)
    (path /5B7B246A)
    (fp_text reference RV1 (at -0.975001 -6.405001 90) (layer F.SilkS)
      (effects (font (size 1 1) (thickness 0.15)))
    )
    (fp_text value 200k (at 0 -0.5 90) (layer F.Fab)
      (effects (font (size 1 1) (thickness 0.15)))
    )
    (fp_line (start 2 -3) (end 4 -3) (layer F.SilkS) (width 0.15))
    (fp_line (start 4 -3) (end 4 2) (layer F.SilkS) (width 0.15))
    (fp_line (start -2 -3) (end -4 -3) (layer F.SilkS) (width 0.15))
    (fp_line (start -4 -3) (end -4 2) (layer F.SilkS) (width 0.15))
    (fp_line (start -1 3) (end 1 3) (layer F.SilkS) (width 0.15))
    (fp_arc (start -4 -3) (end -4 -3.5) (angle -135) (layer F.SilkS) (width 0.15))
    (fp_line (start -4 -3.5) (end -4.25 -3.75) (layer F.SilkS) (width 0.15))
    (fp_line (start -4 -3.5) (end -4.25 -3.25) (layer F.SilkS) (width 0.15))
    (fp_line (start -4.25 -3.25) (end -4.25 -3.75) (layer F.SilkS) (width 0.15))
    (fp_line (start -4.25 -3.75) (end -4.25 -3.5) (layer F.SilkS) (width 0.15))
    (pad 2 smd rect (at 0 -2.415 90) (size 1.19 2.79) (layers F.Cu F.Paste F.Mask)
      (net 149 "Net-(R45-Pad2)"))
    (pad 1 smd rect (at -2.54 2.415 90) (size 1.19 2.79) (layers F.Cu F.Paste F.Mask)
      (net 8 GNDPWR))
    (pad 3 smd rect (at 2.54 2.415 90) (size 1.19 2.79) (layers F.Cu F.Paste F.Mask)
      (net 149 "Net-(R45-Pad2)"))
    (model C:/Users/zuckera/Dropbox/KICAD_ROV_LIB/rov.3dshapes/3269W.stp
      (offset (xyz 0 2.5 1.5))
      (scale (xyz 1 1 1))
      (rotate (xyz 0 -90 180))
    )
  )

  (module rov:DS_Q48SC12050 (layer F.Cu) (tedit 5B661610) (tstamp 5C209058)
    (at -190.2 106.1)
    (path /5B611AD7)
    (fp_text reference BC1 (at 2 -2) (layer F.SilkS)
      (effects (font (size 1 1) (thickness 0.15)))
    )
    (fp_text value DS_Q48SC12050NRII (at 6.5 36.75) (layer F.Fab)
      (effects (font (size 1 1) (thickness 0.15)))
    )
    (fp_line (start -0.5 38.3) (end -0.5 -0.5) (layer F.SilkS) (width 0.15))
    (fp_line (start 59.9 38.3) (end -0.5 38.3) (layer F.SilkS) (width 0.15))
